Iterations: 499500
Comparisons: 499500
<<<<<<< HEAD
Swaps: 247956
Time: 0.2679870129
Space: 37968
=======
Swaps: 255833
Time: 0.1756532192
Space: 37328
>>>>>>> 8eee87b78cdf6ecc9f20284417d704f379e9df9b
