<<<<<<< HEAD
Iterations: 24858
Comparisons: 51660
Swaps: 25858
Time: 0.0370399952
Space: 76216
=======
Iterations: 3362
Comparisons: 6484
Swaps: 3362
Time: 0.0009999275
Space: 82024
>>>>>>> 8eee87b78cdf6ecc9f20284417d704f379e9df9b
