<<<<<<< HEAD
<<<<<<< HEAD
Iterations: 10798
Comparisons: 12127
Swaps: 6930
Time: 0.0078248978
Space: 37968
=======
Iterations: 157157
Comparisons: 170664
Swaps: 89339
Time: 0.0750319958
Space: 401200
>>>>>>> a8f5126102080aef807f870b21316b3b24703f67
=======
Iterations: 10875
Comparisons: 12230
Swaps: 6348
Time: 0.0051419735
Space: 37328
>>>>>>> 8eee87b78cdf6ecc9f20284417d704f379e9df9b
